{
    "accuracy": 0.949238578680203,
    "precision": 0.9888888888888889,
    "recall": 0.9081632653061225,
    "auc": 0.9737167594310452
}